66
176
14
106
71
193
95
16
133
113
170
112
12
149
41
79
183
141
136
68
86
124
70
36
78
196
73
90
1
2
117
140
80
19
144
109
99
13
128
83
134
110
37
185
60
130
23
165
42
35
157
182
49
44
28
145
92
120
48
184
6
33
5
135
105
191
75
29
189
34
125
20
151
188
93
38
172
116
9
91
94
146
98
11
132
179
139
102
10
39
27
15
65
119
192
96
52
24
107
137
97
197
108
51
104
72
148
100
31
17
62
22
30
169
103
177
178
167
158
131
166
190
129
26
40
168
153
175
161
45
118
164
186
85
32
82
156
143
154
147
54
150
74
101
21
181
43
180
138
0
46
25
3
81
63
194
57
126
64
59
